num crossings	time (s)	maj axis (mm)	min axis (mm)	theta (rad )	slope (V/s)
1329	3109.611167	66.262225	13.018092	1.675002	4.595565
1331	3111.700051	65.996289	13.029376	1.674336	4.654921
1333	3113.789504	65.920897	13.089170	1.675000	4.722639
1335	3115.879294	65.752523	13.052404	1.674297	4.732977
1337	3117.969522	65.746687	13.078465	1.676462	4.640745
1339	3120.060775	65.447794	13.022276	1.678145	4.750879
1343	3124.244059	65.306745	13.049696	1.681968	4.682968
1345	3126.337018	65.119845	12.997001	1.682417	4.647834
1347	3128.430044	65.078354	13.005775	1.683346	4.654339
1349	3130.523019	64.928267	13.035264	1.684091	4.552641
1351	3132.615382	64.974403	13.064889	1.685594	4.640217
1353	3134.705406	64.895390	13.079707	1.685453	4.444385
1355	3136.793327	64.821803	13.072895	1.687413	4.546708
1357	3138.880407	64.863420	13.213267	1.696052	4.686502
1359	3140.969092	64.579819	13.074034	1.701645	4.545430
1363	3145.156116	64.175394	13.052839	1.701000	4.444027
1365	3147.250970	64.202962	12.992617	1.695816	4.460890
1367	3149.344189	64.173036	13.007557	1.696563	4.364016
1369	3151.436626	64.005652	13.068532	1.701089	4.379760
1371	3153.527119	63.874433	13.150297	1.703870	4.367467
1375	3157.707364	63.780181	13.083131	1.703576	4.304931
1377	3159.797449	63.753870	13.115481	1.705350	4.290266
1379	3161.888151	63.533921	13.097120	1.707622	4.478866
1383	3166.070646	63.358401	13.146523	1.712001	4.193145
1385	3168.162604	63.307458	13.086950	1.711645	4.297876
1387	3170.254638	63.238954	13.189729	1.713259	4.174156
1389	3172.347193	63.043459	13.149561	1.717932	4.203917
1391	3174.439455	62.993419	13.131887	1.720398	4.535540
1395	3178.622676	62.990768	13.117709	1.722525	4.393369
1397	3180.712304	62.953273	13.090562	1.723264	4.425955
1399	3182.800273	62.982170	13.095110	1.722407	4.235255
1403	3186.976305	62.460341	13.100274	1.719281	4.196008
1405	3189.066671	62.291079	13.111317	1.720996	4.435497
1407	3191.160430	62.201988	13.167490	1.723774	4.367126
1411	3195.349687	62.046735	13.194890	1.731506	4.075408
1413	3197.442820	62.184868	13.184320	1.736243	3.984184
1415	3199.534629	62.246145	13.202062	1.736807	4.111168
1419	3203.717042	61.863495	13.172016	1.736358	4.137110
1421	3205.808586	61.684517	13.183641	1.737785	4.158401
1423	3207.899448	61.551246	13.214795	1.739986	4.033986
1427	3212.080574	61.505003	13.214488	1.738995	4.068004
1429	3214.169033	61.399070	13.257922	1.741509	4.010695
1431	3216.256647	61.335197	13.254277	1.743931	3.964205
1433	3218.344898	61.306713	13.298729	1.749385	3.885513
1437	3222.526911	60.960401	13.203364	1.753620	3.901801
1439	3224.620543	60.740880	13.223320	1.750561	3.963354
1441	3226.714651	60.797047	13.246211	1.751422	3.978821
1445	3230.901547	60.739831	13.292403	1.753420	4.000062
1447	3232.993416	60.578016	13.265206	1.753247	3.916948
1449	3235.084948	60.553572	13.286236	1.757655	4.000813
1451	3237.176365	60.627534	13.351981	1.759194	3.787049
1453	3239.267354	60.338034	13.317967	1.761812	4.049369
1457	3243.449708	60.294345	13.289380	1.764699	3.770549
1459	3245.540196	60.245862	13.310728	1.764862	3.955152
1463	3249.719153	59.979383	13.318635	1.768195	3.932701
1465	3251.807480	59.697975	13.351137	1.769156	3.678081
1467	3253.895685	59.867739	13.340428	1.765108	3.897567
1471	3258.075762	59.284425	13.381791	1.769498	3.813559
1473	3260.168517	59.055304	13.420022	1.773666	3.735668
1477	3264.357177	59.124338	13.470707	1.779182	3.593866
1479	3266.450315	59.239259	13.486330	1.779260	3.757561
1481	3268.542773	59.124729	13.479659	1.780638	3.561128
1485	3272.725493	58.895081	13.500763	1.783916	3.767084
1487	3274.816061	58.891667	13.482383	1.782416	3.647146
1491	3278.995507	58.806537	13.537636	1.784033	3.594615
1493	3281.083869	58.739121	13.563071	1.786890	3.562005
1495	3283.171805	58.622635	13.568201	1.791091	3.546356
1499	3287.351479	58.196717	13.564956	1.796092	3.716924
1501	3289.443853	57.876822	13.512934	1.795576	3.515640
1505	3293.631137	58.134638	13.561845	1.795909	3.561770
1507	3295.724026	57.972411	13.528397	1.795050	3.517227
1509	3297.817146	57.948935	13.526646	1.797577	3.490726
1511	3299.908659	57.877986	13.569951	1.799708	3.590967
1513	3302.000272	57.845736	13.539447	1.800752	3.520317
1515	3304.091351	57.598840	13.592576	1.804312	3.789754
1519	3308.272370	57.601354	13.600068	1.807001	3.610779
1521	3310.361510	57.551743	13.592784	1.806773	3.518947
1523	3312.450087	38.692188	14.514449	2.057955	3.396170
1527	3317.687808	56.935478	13.689732	-1.324733	3.457569
1529	3319.778285	56.983195	13.656124	-1.323438	3.380406
1531	3321.867046	57.169049	13.714559	-1.321640	3.474503
1533	3323.955093	56.968796	13.699921	-1.324481	3.484799
1535	3326.043456	56.824559	13.744904	-1.323018	3.448308
1539	3330.222682	56.787853	13.804705	-1.320573	3.465994
1541	3332.313546	56.702644	13.855662	-1.318639	3.441099
1543	3334.404872	56.482993	13.820638	-1.317953	3.252615
1547	3338.588967	56.277562	13.818211	-1.314484	3.315081
1549	3340.682538	55.984315	13.842573	-1.313452	3.318817
1551	3342.776687	55.824253	13.786868	-1.315938	3.208719
1553	3344.870365	55.950380	13.831291	-1.316015	3.396610
1555	3346.962937	55.744981	13.858655	-1.316480	3.324894
1557	3350.085788	0.000000	2.895743	-1.635896	3.470694
1559	3354.271683	0.322277	2.787032	-1.657691	3.281115
1561	3358.457132	0.380438	2.996483	-1.525771	3.232707
1563	3362.640004	1.053865	3.047860	-1.766370	3.204591
1565	3366.820674	1.426613	-2.594257	1.423489	3.266546
1567	3370.999135	0.873156	-4.198715	1.354868	3.239701
1569	3375.177379	0.434932	-2.459431	1.898313	3.165472
1571	3379.360363	33.797018	12.115679	1.648669	3.056432
1573	3382.505984	0.000000	5.040715	2.845755	3.271301
1575	3386.683729	0.000000	4.919923	2.844644	3.042392
1577	3395.048594	1.156079	9.681077	-2.823273	3.093773
1579	3402.362605	1.056276	-3.395521	1.363347	2.995585
1581	3406.543571	3.312897	0.863522	-3.354824	2.995623
1585	3419.097545	0.199871	3.106818	-1.645484	2.934517
1585	3419.097545	0.199871	3.106818	-1.645484	3.098122
1585	3419.097545	0.199871	3.106818	-1.645484	NaN
1585	3419.097545	0.199871	3.106818	-1.645484	NaN
1585	3419.097545	0.199871	3.106818	-1.645484	NaN
1585	3419.097545	0.199871	3.106818	-1.645484	NaN
1587	3473.462573	10.453405	-15.647684	2.915663	NaN
1589	3508.079159	4.727066	15.589776	-4.799852	0.678588
1597	3517.123307	84.428686	1.471748	1.557041	7.277253
1599	3519.215338	85.108281	1.575188	1.555219	7.030201
1603	3523.391552	84.453389	1.654009	1.565597	6.909733
1605	3525.481709	84.455646	1.610590	1.569524	6.948776
1609	3529.666424	84.178982	1.609895	1.564795	7.092243
1611	3531.758651	84.017971	1.653070	1.562981	6.981046
1613	3533.850240	83.630046	1.625913	1.564911	6.695473
1615	3535.940707	83.765357	1.664569	1.561577	6.664983
1619	3540.123580	83.044542	1.692286	1.559360	6.835333
1621	3542.218342	83.210101	1.782015	1.560192	6.848379
1623	3544.313601	83.079320	1.778447	1.566088	6.825314
1625	3546.407255	82.844847	1.763605	1.569830	6.741764
1627	3548.497293	83.026389	1.719673	1.567941	6.638343
1631	3552.608016	84.633975	14.974646	1.531103	8.105832
1633	3554.695091	83.432106	14.907472	1.531282	7.408424
1637	3558.884372	83.357468	14.962485	1.541647	7.731582
1639	3560.980438	82.969968	14.968279	1.546785	7.194128
1643	3565.164858	82.586064	14.848548	1.549598	7.030180
1645	3567.255801	83.129255	14.932862	1.550987	8.046835
1649	3571.440047	82.458382	14.787575	1.553415	7.734924
1651	3573.529890	82.436177	14.797320	1.556326	7.927786
1655	3577.712505	82.588059	14.834405	1.558605	7.132609
1657	3579.801074	82.373409	14.765220	1.561830	7.273404
1661	3583.980124	82.422037	14.873213	1.574348	7.027589
1663	3586.072127	81.766812	14.718678	1.575953	7.196688
1665	3588.164583	81.607421	14.704784	1.574088	7.409823
1669	3592.353202	81.318319	14.638859	1.574879	7.176993
1671	3594.446159	81.261631	14.646496	1.575993	7.176683
1675	3598.630164	80.964503	14.826054	1.579078	7.055315
1677	3600.720461	80.682923	14.660646	1.582669	7.100277
1681	3604.903193	80.933451	14.723935	1.586415	6.807740
1683	3606.993959	80.464328	14.620182	1.587324	6.846590
1687	3611.177330	80.469359	14.668642	1.595093	6.912081
1689	3613.269528	79.906705	14.597094	1.597106	6.569494
1693	3617.453348	79.997536	14.547854	1.601927	6.717022
1695	3619.545917	79.609028	14.543843	1.603629	6.693262
1699	3623.728451	79.898154	14.566892	1.609825	6.786019
1701	3625.818365	79.662531	14.520109	1.610651	7.022104
1705	3629.996319	79.420747	14.535614	1.608223	7.039410
1707	3632.085960	79.314320	14.598843	1.610091	6.581513
1711	3636.269683	78.861264	14.599940	1.614627	6.760019
1713	3638.363332	78.970429	14.644957	1.619612	6.755552
1717	3642.550099	78.579748	14.680236	1.622967	6.542540
1719	3644.642321	78.464778	14.563733	1.624958	6.576200
1723	3648.825387	77.966784	14.564552	1.629756	6.426307
1725	3650.916705	78.055203	14.523475	1.628263	6.255331
1729	3655.096308	77.955156	14.541906	1.633608	6.317996
1731	3657.185428	77.736413	14.541241	1.636220	6.395252
1735	3661.366208	77.667503	14.462537	1.646285	6.467839
1737	3663.458432	77.281413	14.529889	1.647159	6.271735
1739	3665.551470	77.226347	14.407713	1.646285	6.471481
1741	3667.645004	77.119487	14.337675	1.644304	6.571738
1745	3671.831032	76.967707	14.451419	1.650705	6.254483
1747	3673.923136	76.927623	14.420804	1.650564	6.121262
