crossing time (s)	slope (V/s)	crossing number
281474976710655.000000	7.106871	2821	0.000000
281474976710655.000000	7.405670	2822	0.000000
281474976710655.000000	7.141805	2823	0.000000
281474976710655.000000	7.466830	2824	0.000000
281474976710655.000000	7.056520	2825	0.000000
281474976710655.000000	7.375747	2826	0.000000
281474976710655.000000	7.096035	2827	0.000000
281474976710655.000000	7.301021	2828	0.000000
281474976710655.000000	7.075303	2829	0.000000
281474976710655.000000	7.403647	2830	0.000000
281474976710655.000000	6.974316	2831	0.000000
281474976710655.000000	7.301852	2832	0.000000
281474976710655.000000	6.932843	2833	0.000000
281474976710655.000000	7.306472	2834	0.000000
281474976710655.000000	6.968189	2835	0.000000
281474976710655.000000	7.177850	2836	0.000000
281474976710655.000000	6.920914	2837	0.000000
281474976710655.000000	7.315646	2838	0.000000
281474976710655.000000	6.998263	2839	0.000000
281474976710655.000000	7.211205	2840	0.000000
281474976710655.000000	6.860899	2841	0.000000
281474976710655.000000	7.175875	2842	0.000000
281474976710655.000000	6.922493	2843	0.000000
281474976710655.000000	7.212730	2844	0.000000
281474976710655.000000	6.856069	2845	0.000000
281474976710655.000000	7.065008	2846	0.000000
281474976710655.000000	6.825642	2847	0.000000
281474976710655.000000	7.093506	2848	0.000000
281474976710655.000000	6.796266	2849	0.000000
281474976710655.000000	7.035969	2850	0.000000
281474976710655.000000	6.871422	2851	0.000000
281474976710655.000000	7.089859	2852	0.000000
281474976710655.000000	6.837723	2853	0.000000
281474976710655.000000	7.068280	2854	0.000000
281474976710655.000000	6.793301	2855	0.000000
281474976710655.000000	7.046841	2856	0.000000
281474976710655.000000	6.815905	2857	0.000000
281474976710655.000000	7.039866	2858	0.000000
281474976710655.000000	6.726206	2859	0.000000
281474976710655.000000	7.029185	2860	0.000000
281474976710655.000000	6.740473	2861	0.000000
281474976710655.000000	7.120085	2862	0.000000
281474976710655.000000	6.782878	2863	0.000000
281474976710655.000000	6.955668	2864	0.000000
281474976710655.000000	6.736044	2865	0.000000
281474976710655.000000	6.996912	2866	0.000000
281474976710655.000000	6.657708	2867	0.000000
281474976710655.000000	6.964594	2868	0.000000
281474976710655.000000	6.653722	2869	0.000000
281474976710655.000000	7.003255	2870	0.000000
281474976710655.000000	6.608927	2871	0.000000
281474976710655.000000	6.932270	2872	0.000000
281474976710655.000000	6.661329	2873	0.000000
281474976710655.000000	6.877129	2874	0.000000
281474976710655.000000	6.528158	2875	0.000000
281474976710655.000000	6.933420	2876	0.000000
281474976710655.000000	6.628471	2877	0.000000
281474976710655.000000	6.821295	2878	0.000000
281474976710655.000000	6.497922	2879	0.000000
281474976710655.000000	6.762340	2880	0.000000
281474976710655.000000	6.485250	2881	0.000000
281474976710655.000000	6.774695	2882	0.000000
281474976710655.000000	6.574799	2883	0.000000
281474976710655.000000	6.841934	2884	0.000000
281474976710655.000000	6.544377	2885	0.000000
281474976710655.000000	6.787817	2886	0.000000
281474976710655.000000	6.502856	2887	0.000000
281474976710655.000000	6.688426	2888	0.000000
281474976710655.000000	6.444378	2889	0.000000
281474976710655.000000	6.755382	2890	0.000000
281474976710655.000000	6.480581	2891	0.000000
281474976710655.000000	6.758019	2892	0.000000
281474976710655.000000	6.500451	2893	0.000000
281474976710655.000000	6.711051	2894	0.000000
281474976710655.000000	6.480553	2895	0.000000
281474976710655.000000	6.596543	2896	0.000000
281474976710655.000000	6.454889	2897	0.000000
281474976710655.000000	6.650313	2898	0.000000
281474976710655.000000	6.413043	2899	0.000000
281474976710655.000000	6.619950	2900	0.000000
281474976710655.000000	6.340717	2901	0.000000
281474976710655.000000	6.614651	2902	0.000000
281474976710655.000000	6.399708	2903	0.000000
281474976710655.000000	6.648493	2904	0.000000
281474976710655.000000	6.304187	2905	0.000000
281474976710655.000000	6.561662	2906	0.000000
281474976710655.000000	6.312750	2907	0.000000
281474976710655.000000	6.522305	2908	0.000000
281474976710655.000000	6.273103	2909	0.000000
281474976710655.000000	6.489304	2910	0.000000
281474976710655.000000	6.315725	2911	0.000000
281474976710655.000000	6.555567	2912	0.000000
281474976710655.000000	6.234389	2913	0.000000
281474976710655.000000	6.504339	2914	0.000000
281474976710655.000000	6.230885	2915	0.000000
281474976710655.000000	6.471564	2916	0.000000
281474976710655.000000	6.206149	2917	0.000000
281474976710655.000000	6.494880	2918	0.000000
281474976710655.000000	6.188640	2919	0.000000
281474976710655.000000	6.440862	2920	0.000000
281474976710655.000000	6.144647	2921	0.000000
281474976710655.000000	6.505175	2922	0.000000
281474976710655.000000	6.140806	2923	0.000000
281474976710655.000000	6.448400	2924	0.000000
281474976710655.000000	6.171410	2925	0.000000
281474976710655.000000	6.435320	2926	0.000000
281474976710655.000000	6.103794	2927	0.000000
281474976710655.000000	6.423583	2928	0.000000
281474976710655.000000	6.099854	2929	0.000000
281474976710655.000000	6.354952	2930	0.000000
281474976710655.000000	6.107512	2931	0.000000
281474976710655.000000	6.361619	2932	0.000000
281474976710655.000000	6.095192	2933	0.000000
281474976710655.000000	6.376636	2934	0.000000
281474976710655.000000	6.086726	2935	0.000000
281474976710655.000000	6.397055	2936	0.000000
281474976710655.000000	6.081447	2937	0.000000
281474976710655.000000	6.307342	2938	0.000000
281474976710655.000000	6.046200	2939	0.000000
281474976710655.000000	6.283397	2940	0.000000
281474976710655.000000	6.037683	2941	0.000000
281474976710655.000000	6.318517	2942	0.000000
281474976710655.000000	5.969292	2943	0.000000
281474976710655.000000	6.233202	2944	0.000000
281474976710655.000000	6.017525	2945	0.000000
281474976710655.000000	6.183549	2946	0.000000
281474976710655.000000	5.954299	2947	0.000000
281474976710655.000000	6.228889	2948	0.000000
281474976710655.000000	5.941725	2949	0.000000
281474976710655.000000	6.172131	2950	0.000000
281474976710655.000000	5.930465	2951	0.000000
281474976710655.000000	6.186444	2952	0.000000
281474976710655.000000	5.871854	2953	0.000000
281474976710655.000000	6.196252	2954	0.000000
281474976710655.000000	5.935781	2955	0.000000
281474976710655.000000	6.176870	2956	0.000000
281474976710655.000000	5.901732	2957	0.000000
281474976710655.000000	6.182953	2958	0.000000
281474976710655.000000	5.865849	2959	0.000000
281474976710655.000000	6.165871	2960	0.000000
281474976710655.000000	5.903906	2961	0.000000
281474976710655.000000	6.085370	2962	0.000000
281474976710655.000000	5.825793	2963	0.000000
281474976710655.000000	6.099093	2964	0.000000
281474976710655.000000	5.819199	2965	0.000000
281474976710655.000000	6.007812	2966	0.000000
281474976710655.000000	5.822925	2967	0.000000
281474976710655.000000	6.073463	2968	0.000000
281474976710655.000000	5.840663	2969	0.000000
281474976710655.000000	5.989639	2970	0.000000
281474976710655.000000	5.755020	2971	0.000000
281474976710655.000000	5.982034	2972	0.000000
281474976710655.000000	5.759251	2973	0.000000
281474976710655.000000	5.974244	2974	0.000000
281474976710655.000000	5.738570	2975	0.000000
281474976710655.000000	5.944002	2976	0.000000
281474976710655.000000	5.755280	2977	0.000000
281474976710655.000000	5.978804	2978	0.000000
281474976710655.000000	5.709963	2979	0.000000
281474976710655.000000	5.958976	2980	0.000000
281474976710655.000000	5.738024	2981	0.000000
281474976710655.000000	5.944993	2982	0.000000
281474976710655.000000	5.700592	2983	0.000000
281474976710655.000000	5.914750	2984	0.000000
281474976710655.000000	5.666653	2985	0.000000
281474976710655.000000	5.890852	2986	0.000000
281474976710655.000000	5.685235	2987	0.000000
281474976710655.000000	5.927243	2988	0.000000
281474976710655.000000	5.683993	2989	0.000000
281474976710655.000000	5.904743	2990	0.000000
281474976710655.000000	5.627057	2991	0.000000
281474976710655.000000	5.881152	2992	0.000000
281474976710655.000000	5.659216	2993	0.000000
281474976710655.000000	5.875517	2994	0.000000
281474976710655.000000	5.613969	2995	0.000000
281474976710655.000000	5.863058	2996	0.000000
281474976710655.000000	5.579283	2997	0.000000
281474976710655.000000	5.853238	2998	0.000000
281474976710655.000000	5.605134	2999	0.000000
281474976710655.000000	5.815363	3000	0.000000
281474976710655.000000	5.543824	3001	0.000000
281474976710655.000000	5.805757	3002	0.000000
281474976710655.000000	5.553221	3003	0.000000
281474976710655.000000	5.751256	3004	0.000000
281474976710655.000000	5.517052	3005	0.000000
281474976710655.000000	5.758848	3006	0.000000
281474976710655.000000	5.500741	3007	0.000000
281474976710655.000000	5.765125	3008	0.000000
281474976710655.000000	5.460684	3009	0.000000
281474976710655.000000	5.745422	3010	0.000000
281474976710655.000000	5.450994	3011	0.000000
281474976710655.000000	5.705867	3012	0.000000
281474976710655.000000	5.439607	3013	0.000000
281474976710655.000000	5.663714	3014	0.000000
281474976710655.000000	5.420381	3015	0.000000
281474976710655.000000	5.682036	3016	0.000000
281474976710655.000000	5.432280	3017	0.000000
281474976710655.000000	5.691284	3018	0.000000
281474976710655.000000	5.424471	3019	0.000000
281474976710655.000000	5.639511	3020	0.000000
281474976710655.000000	5.426662	3021	0.000000
281474976710655.000000	5.666763	3022	0.000000
281474976710655.000000	5.408715	3023	0.000000
281474976710655.000000	5.622268	3024	0.000000
281474976710655.000000	5.375714	3025	0.000000
281474976710655.000000	5.602563	3026	0.000000
281474976710655.000000	5.373641	3027	0.000000
281474976710655.000000	5.600540	3028	0.000000
281474976710655.000000	5.333093	3029	0.000000
281474976710655.000000	5.543354	3030	0.000000
281474976710655.000000	5.336574	3031	0.000000
281474976710655.000000	5.541789	3032	0.000000
281474976710655.000000	5.357950	3033	0.000000
281474976710655.000000	5.499723	3034	0.000000
281474976710655.000000	5.295165	3035	0.000000
281474976710655.000000	5.560388	3036	0.000000
281474976710655.000000	5.253854	3037	0.000000
281474976710655.000000	5.524547	3038	0.000000
281474976710655.000000	5.295960	3039	0.000000
281474976710655.000000	5.501224	3040	0.000000
281474976710655.000000	5.244686	3041	0.000000
281474976710655.000000	5.474200	3042	0.000000
281474976710655.000000	5.232332	3043	0.000000
281474976710655.000000	5.453233	3044	0.000000
281474976710655.000000	5.227302	3045	0.000000
281474976710655.000000	5.458779	3046	0.000000
281474976710655.000000	5.232813	3047	0.000000
281474976710655.000000	5.450428	3048	0.000000
281474976710655.000000	5.192074	3049	0.000000
281474976710655.000000	5.413897	3050	0.000000
281474976710655.000000	5.197926	3051	0.000000
281474976710655.000000	5.426388	3052	0.000000
281474976710655.000000	5.189860	3053	0.000000
281474976710655.000000	5.463472	3054	0.000000
281474976710655.000000	5.183065	3055	0.000000
281474976710655.000000	5.382786	3056	0.000000
281474976710655.000000	5.152280	3057	0.000000
281474976710655.000000	5.375391	3058	0.000000
281474976710655.000000	5.128384	3059	0.000000
281474976710655.000000	5.389482	3060	0.000000
281474976710655.000000	5.133173	3061	0.000000
281474976710655.000000	5.350765	3062	0.000000
281474976710655.000000	5.100279	3063	0.000000
281474976710655.000000	5.340583	3064	0.000000
281474976710655.000000	5.095483	3065	0.000000
281474976710655.000000	5.362586	3066	0.000000
281474976710655.000000	5.042272	3067	0.000000
281474976710655.000000	5.326784	3068	0.000000
281474976710655.000000	5.074699	3069	0.000000
281474976710655.000000	5.271634	3070	0.000000
281474976710655.000000	5.050875	3071	0.000000
281474976710655.000000	5.248787	3072	0.000000
281474976710655.000000	5.063985	3073	0.000000
281474976710655.000000	5.249958	3074	0.000000
281474976710655.000000	5.041226	3075	0.000000
281474976710655.000000	5.223658	3076	0.000000
281474976710655.000000	5.046914	3077	0.000000
281474976710655.000000	5.198549	3078	0.000000
281474976710655.000000	4.997793	3079	0.000000
281474976710655.000000	5.217632	3080	0.000000
281474976710655.000000	4.991661	3081	0.000000
281474976710655.000000	5.167183	3082	0.000000
281474976710655.000000	4.958598	3083	0.000000
281474976710655.000000	5.189353	3084	0.000000
281474976710655.000000	4.956802	3085	0.000000
281474976710655.000000	5.152429	3086	0.000000
281474976710655.000000	4.925330	3087	0.000000
281474976710655.000000	5.167864	3088	0.000000
281474976710655.000000	4.965374	3089	0.000000
281474976710655.000000	5.123647	3090	0.000000
281474976710655.000000	4.919300	3091	0.000000
281474976710655.000000	5.116303	3092	0.000000
281474976710655.000000	4.913251	3093	0.000000
281474976710655.000000	5.093014	3094	0.000000
281474976710655.000000	4.885289	3095	0.000000
281474976710655.000000	5.085581	3096	0.000000
281474976710655.000000	4.882909	3097	0.000000
281474976710655.000000	5.074771	3098	0.000000
281474976710655.000000	4.878671	3099	0.000000
281474976710655.000000	5.055091	3100	0.000000
281474976710655.000000	4.862307	3101	0.000000
281474976710655.000000	5.068562	3102	0.000000
281474976710655.000000	4.865054	3103	0.000000
281474976710655.000000	5.042018	3104	0.000000
281474976710655.000000	4.859628	3105	0.000000
281474976710655.000000	5.005612	3106	0.000000
281474976710655.000000	4.830751	3107	0.000000
281474976710655.000000	5.033533	3108	0.000000
281474976710655.000000	4.853295	3109	0.000000
281474976710655.000000	5.001256	3110	0.000000
281474976710655.000000	4.770532	3111	0.000000
281474976710655.000000	5.008665	3112	0.000000
281474976710655.000000	4.793819	3113	0.000000
281474976710655.000000	5.009500	3114	0.000000
281474976710655.000000	4.789055	3115	0.000000
281474976710655.000000	4.970901	3116	0.000000
281474976710655.000000	4.777172	3117	0.000000
281474976710655.000000	4.990335	3118	0.000000
281474976710655.000000	4.741538	3119	0.000000
281474976710655.000000	4.944146	3120	0.000000
281474976710655.000000	4.726350	3121	0.000000
281474976710655.000000	4.946026	3122	0.000000
281474976710655.000000	4.711654	3123	0.000000
281474976710655.000000	4.913850	3124	0.000000
281474976710655.000000	4.729896	3125	0.000000
281474976710655.000000	4.910966	3126	0.000000
281474976710655.000000	4.698414	3127	0.000000
281474976710655.000000	4.907809	3128	0.000000
281474976710655.000000	4.682925	3129	0.000000
281474976710655.000000	4.882129	3130	0.000000
281474976710655.000000	4.659558	3131	0.000000
281474976710655.000000	4.879957	3132	0.000000
281474976710655.000000	4.638479	3133	0.000000
281474976710655.000000	4.816597	3134	0.000000
281474976710655.000000	4.652352	3135	0.000000
281474976710655.000000	4.824656	3136	0.000000
281474976710655.000000	4.610939	3137	0.000000
281474976710655.000000	4.816623	3138	0.000000
281474976710655.000000	4.591371	3139	0.000000
281474976710655.000000	4.815900	3140	0.000000
281474976710655.000000	4.602570	3141	0.000000
281474976710655.000000	4.822252	3142	0.000000
281474976710655.000000	4.582968	3143	0.000000
281474976710655.000000	4.795147	3144	0.000000
281474976710655.000000	4.589999	3145	0.000000
281474976710655.000000	4.771534	3146	0.000000
281474976710655.000000	4.597853	3147	0.000000
281474976710655.000000	4.726796	3148	0.000000
281474976710655.000000	4.577154	3149	0.000000
281474976710655.000000	4.748692	3150	0.000000
281474976710655.000000	4.569788	3151	0.000000
281474976710655.000000	4.701401	3152	0.000000
281474976710655.000000	4.537784	3153	0.000000
281474976710655.000000	4.694888	3154	0.000000
281474976710655.000000	4.518178	3155	0.000000
281474976710655.000000	4.686049	3156	0.000000
281474976710655.000000	4.518913	3157	0.000000
281474976710655.000000	4.684138	3158	0.000000
281474976710655.000000	4.477865	3159	0.000000
281474976710655.000000	4.675234	3160	0.000000
281474976710655.000000	4.481596	3161	0.000000
281474976710655.000000	4.644021	3162	0.000000
281474976710655.000000	4.482871	3163	0.000000
281474976710655.000000	4.658299	3164	0.000000
281474976710655.000000	4.467272	3165	0.000000
281474976710655.000000	4.623137	3166	0.000000
281474976710655.000000	4.465799	3167	0.000000
281474976710655.000000	4.662175	3168	0.000000
281474976710655.000000	4.450121	3169	0.000000
281474976710655.000000	4.638823	3170	0.000000
281474976710655.000000	4.442267	3171	0.000000
281474976710655.000000	4.592488	3172	0.000000
281474976710655.000000	4.451636	3173	0.000000
281474976710655.000000	4.626863	3174	0.000000
281474976710655.000000	4.426953	3175	0.000000
281474976710655.000000	4.611540	3176	0.000000
281474976710655.000000	4.395496	3177	0.000000
281474976710655.000000	4.569444	3178	0.000000
281474976710655.000000	4.391674	3179	0.000000
281474976710655.000000	4.552033	3180	0.000000
281474976710655.000000	4.362184	3181	0.000000
281474976710655.000000	4.573563	3182	0.000000
281474976710655.000000	4.357469	3183	0.000000
281474976710655.000000	4.539280	3184	0.000000
281474976710655.000000	4.352338	3185	0.000000
281474976710655.000000	4.507613	3186	0.000000
281474976710655.000000	4.331992	3187	0.000000
281474976710655.000000	4.497802	3188	0.000000
281474976710655.000000	4.311944	3189	0.000000
281474976710655.000000	4.481675	3190	0.000000
281474976710655.000000	4.308120	3191	0.000000
281474976710655.000000	4.508125	3192	0.000000
281474976710655.000000	4.296981	3193	0.000000
281474976710655.000000	4.451003	3194	0.000000
281474976710655.000000	4.306944	3195	0.000000
281474976710655.000000	4.434806	3196	0.000000
281474976710655.000000	4.276109	3197	0.000000
281474976710655.000000	4.421688	3198	0.000000
281474976710655.000000	4.281194	3199	0.000000
281474976710655.000000	4.436375	3200	0.000000
281474976710655.000000	4.276731	3201	0.000000
281474976710655.000000	4.426327	3202	0.000000
281474976710655.000000	4.261437	3203	0.000000
281474976710655.000000	4.419048	3204	0.000000
281474976710655.000000	4.252995	3205	0.000000
281474976710655.000000	4.395282	3206	0.000000
281474976710655.000000	4.231461	3207	0.000000
281474976710655.000000	4.371855	3208	0.000000
281474976710655.000000	4.220478	3209	0.000000
281474976710655.000000	4.364090	3210	0.000000
281474976710655.000000	4.207396	3211	0.000000
281474976710655.000000	4.343157	3212	0.000000
281474976710655.000000	4.186774	3213	0.000000
281474976710655.000000	4.327369	3214	0.000000
281474976710655.000000	4.183564	3215	0.000000
281474976710655.000000	4.306897	3216	0.000000
281474976710655.000000	4.183029	3217	0.000000
281474976710655.000000	4.315574	3218	0.000000
281474976710655.000000	4.152778	3219	0.000000
281474976710655.000000	4.318046	3220	0.000000
281474976710655.000000	4.160891	3221	0.000000
281474976710655.000000	4.289758	3222	0.000000
281474976710655.000000	4.130325	3223	0.000000
281474976710655.000000	4.277167	3224	0.000000
281474976710655.000000	4.140258	3225	0.000000
281474976710655.000000	4.266960	3226	0.000000
281474976710655.000000	4.121476	3227	0.000000
281474976710655.000000	4.278093	3228	0.000000
281474976710655.000000	4.123503	3229	0.000000
281474976710655.000000	4.261149	3230	0.000000
281474976710655.000000	4.101763	3231	0.000000
281474976710655.000000	4.222891	3232	0.000000
281474976710655.000000	4.092790	3233	0.000000
281474976710655.000000	4.236714	3234	0.000000
281474976710655.000000	4.078415	3235	0.000000
281474976710655.000000	4.219827	3236	0.000000
281474976710655.000000	4.074493	3237	0.000000
281474976710655.000000	4.222411	3238	0.000000
281474976710655.000000	4.053325	3239	0.000000
281474976710655.000000	4.213940	3240	0.000000
281474976710655.000000	4.051511	3241	0.000000
281474976710655.000000	4.191114	3242	0.000000
281474976710655.000000	4.033094	3243	0.000000
281474976710655.000000	4.190280	3244	0.000000
281474976710655.000000	4.015528	3245	0.000000
281474976710655.000000	4.166914	3246	0.000000
281474976710655.000000	4.008991	3247	0.000000
281474976710655.000000	4.161160	3248	0.000000
281474976710655.000000	4.009284	3249	0.000000
281474976710655.000000	4.130977	3250	0.000000
281474976710655.000000	3.980534	3251	0.000000
281474976710655.000000	4.113009	3252	0.000000
281474976710655.000000	3.969130	3253	0.000000
281474976710655.000000	4.111009	3254	0.000000
281474976710655.000000	3.959725	3255	0.000000
281474976710655.000000	4.100798	3256	0.000000
281474976710655.000000	3.963575	3257	0.000000
281474976710655.000000	4.069042	3258	0.000000
281474976710655.000000	3.956598	3259	0.000000
281474976710655.000000	4.099545	3260	0.000000
281474976710655.000000	3.940766	3261	0.000000
281474976710655.000000	4.078127	3262	0.000000
281474976710655.000000	3.939458	3263	0.000000
281474976710655.000000	4.062886	3264	0.000000
281474976710655.000000	3.907064	3265	0.000000
281474976710655.000000	4.032910	3266	0.000000
281474976710655.000000	3.909887	3267	0.000000
281474976710655.000000	4.028233	3268	0.000000
281474976710655.000000	3.896850	3269	0.000000
281474976710655.000000	4.036951	3270	0.000000
281474976710655.000000	3.886499	3271	0.000000
281474976710655.000000	4.001880	3272	0.000000
281474976710655.000000	3.887453	3273	0.000000
281474976710655.000000	3.999940	3274	0.000000
281474976710655.000000	3.868325	3275	0.000000
281474976710655.000000	3.998478	3276	0.000000
281474976710655.000000	3.846161	3277	0.000000
281474976710655.000000	3.981515	3278	0.000000
281474976710655.000000	3.842843	3279	0.000000
281474976710655.000000	3.953087	3280	0.000000
281474976710655.000000	3.836193	3281	0.000000
281474976710655.000000	3.962848	3282	0.000000
281474976710655.000000	3.823111	3283	0.000000
281474976710655.000000	3.949674	3284	0.000000
281474976710655.000000	3.828058	3285	0.000000
281474976710655.000000	3.932165	3286	0.000000
281474976710655.000000	3.836092	3287	0.000000
281474976710655.000000	3.920370	3288	0.000000
281474976710655.000000	3.788630	3289	0.000000
281474976710655.000000	3.908682	3290	0.000000
281474976710655.000000	3.804466	3291	0.000000
281474976710655.000000	3.910882	3292	0.000000
281474976710655.000000	3.794799	3293	0.000000
281474976710655.000000	3.915216	3294	0.000000
281474976710655.000000	3.781947	3295	0.000000
281474976710655.000000	3.899041	3296	0.000000
281474976710655.000000	3.771329	3297	0.000000
281474976710655.000000	3.902413	3298	0.000000
281474976710655.000000	3.756839	3299	0.000000
281474976710655.000000	8.166435	3300	0.000000
281474976710655.000000	8.951966	3301	0.000000
281474976710655.000000	8.595882	3302	0.000000
281474976710655.000000	8.229457	3303	0.000000
281474976710655.000000	8.136107	3304	0.000000
281474976710655.000000	8.569613	3305	0.000000
281474976710655.000000	8.300931	3306	0.000000
281474976710655.000000	8.200505	3307	0.000000
281474976710655.000000	8.160865	3308	0.000000
281474976710655.000000	8.500745	3309	0.000000
281474976710655.000000	8.299147	3310	0.000000
281474976710655.000000	8.420502	3311	0.000000
281474976710655.000000	8.070273	3312	0.000000
281474976710655.000000	8.288055	3313	0.000000
281474976710655.000000	8.151725	3314	0.000000
281474976710655.000000	8.377379	3315	0.000000
281474976710655.000000	8.033215	3316	0.000000
281474976710655.000000	8.205528	3317	0.000000
281474976710655.000000	7.987803	3318	0.000000
281474976710655.000000	8.225365	3319	0.000000
281474976710655.000000	7.952577	3320	0.000000
281474976710655.000000	8.312343	3321	0.000000
281474976710655.000000	8.185774	3322	0.000000
281474976710655.000000	8.211367	3323	0.000000
281474976710655.000000	7.928196	3324	0.000000
281474976710655.000000	8.069964	3325	0.000000
281474976710655.000000	7.891590	3326	0.000000
281474976710655.000000	8.309817	3327	0.000000
281474976710655.000000	7.971779	3328	0.000000
281474976710655.000000	8.165905	3329	0.000000
281474976710655.000000	7.991044	3330	0.000000
281474976710655.000000	8.133960	3331	0.000000
281474976710655.000000	7.770171	3332	0.000000
281474976710655.000000	8.006973	3333	0.000000
281474976710655.000000	7.901070	3334	0.000000
281474976710655.000000	7.969515	3335	0.000000
281474976710655.000000	7.827099	3336	0.000000
281474976710655.000000	7.850720	3337	0.000000
281474976710655.000000	7.923383	3338	0.000000
281474976710655.000000	7.965101	3339	0.000000
281474976710655.000000	7.813766	3340	0.000000
281474976710655.000000	7.903172	3341	0.000000
281474976710655.000000	7.773848	3342	0.000000
281474976710655.000000	7.732605	3343	0.000000
281474976710655.000000	7.832029	3344	0.000000
281474976710655.000000	7.882128	3345	0.000000
281474976710655.000000	7.767750	3346	0.000000
281474976710655.000000	7.775609	3347	0.000000
281474976710655.000000	7.763263	3348	0.000000
281474976710655.000000	7.831705	3349	0.000000
281474976710655.000000	7.774451	3350	0.000000
281474976710655.000000	7.788160	3351	0.000000
281474976710655.000000	7.768649	3352	0.000000
281474976710655.000000	7.675225	3353	0.000000
281474976710655.000000	7.637183	3354	0.000000
281474976710655.000000	7.864974	3355	0.000000
281474976710655.000000	7.753258	3356	0.000000
281474976710655.000000	7.726191	3357	0.000000
281474976710655.000000	7.651124	3358	0.000000
281474976710655.000000	7.759271	3359	0.000000
281474976710655.000000	7.603282	3360	0.000000
281474976710655.000000	7.736266	3361	0.000000
281474976710655.000000	7.498100	3362	0.000000
281474976710655.000000	7.616616	3363	0.000000
281474976710655.000000	7.653310	3364	0.000000
281474976710655.000000	7.662162	3365	0.000000
281474976710655.000000	7.609277	3366	0.000000
281474976710655.000000	7.626475	3367	0.000000
281474976710655.000000	7.506391	3368	0.000000
281474976710655.000000	7.590911	3369	0.000000
281474976710655.000000	7.478940	3370	0.000000
281474976710655.000000	7.644836	3371	0.000000
281474976710655.000000	7.371471	3372	0.000000
281474976710655.000000	7.544364	3373	0.000000
281474976710655.000000	7.454742	3374	0.000000
281474976710655.000000	7.490726	3375	0.000000
281474976710655.000000	7.467842	3376	0.000000
281474976710655.000000	7.427463	3377	0.000000
281474976710655.000000	7.348171	3378	0.000000
281474976710655.000000	7.367644	3379	0.000000
281474976710655.000000	7.352199	3380	0.000000
281474976710655.000000	7.424877	3381	0.000000
281474976710655.000000	7.285285	3382	0.000000
281474976710655.000000	7.350913	3383	0.000000
281474976710655.000000	7.402244	3384	0.000000
281474976710655.000000	7.386329	3385	0.000000
281474976710655.000000	7.319174	3386	0.000000
281474976710655.000000	7.298642	3387	0.000000
281474976710655.000000	7.263199	3388	0.000000
281474976710655.000000	7.262723	3389	0.000000
281474976710655.000000	7.250540	3390	0.000000
281474976710655.000000	7.260033	3391	0.000000
281474976710655.000000	7.183032	3392	0.000000
281474976710655.000000	7.219864	3393	0.000000
281474976710655.000000	7.258289	3394	0.000000
281474976710655.000000	7.246765	3395	0.000000
281474976710655.000000	7.197471	3396	0.000000
281474976710655.000000	7.307302	3397	0.000000
281474976710655.000000	7.179407	3398	0.000000
281474976710655.000000	7.131186	3399	0.000000
281474976710655.000000	7.201320	3400	0.000000
281474976710655.000000	7.136133	3401	0.000000
281474976710655.000000	7.063633	3402	0.000000
281474976710655.000000	7.111969	3403	0.000000
281474976710655.000000	7.075198	3404	0.000000
281474976710655.000000	7.161920	3405	0.000000
281474976710655.000000	7.103430	3406	0.000000
281474976710655.000000	7.201360	3407	0.000000
281474976710655.000000	7.084203	3408	0.000000
281474976710655.000000	7.086148	3409	0.000000
281474976710655.000000	7.043961	3410	0.000000
281474976710655.000000	7.081662	3411	0.000000
281474976710655.000000	7.107827	3412	0.000000
281474976710655.000000	7.062154	3413	0.000000
281474976710655.000000	7.000593	3414	0.000000
281474976710655.000000	7.076479	3415	0.000000
281474976710655.000000	6.946056	3416	0.000000
281474976710655.000000	7.050669	3417	0.000000
281474976710655.000000	7.001212	3418	0.000000
281474976710655.000000	7.072017	3419	0.000000
281474976710655.000000	6.953309	3420	0.000000
281474976710655.000000	6.954445	3421	0.000000
281474976710655.000000	6.961609	3422	0.000000
281474976710655.000000	6.892669	3423	0.000000
281474976710655.000000	6.863668	3424	0.000000
281474976710655.000000	6.942756	3425	0.000000
281474976710655.000000	6.948264	3426	0.000000
281474976710655.000000	6.928902	3427	0.000000
281474976710655.000000	6.887896	3428	0.000000
281474976710655.000000	6.817998	3429	0.000000
281474976710655.000000	6.823687	3430	0.000000
281474976710655.000000	6.905546	3431	0.000000
281474976710655.000000	6.905627	3432	0.000000
281474976710655.000000	6.803733	3433	0.000000
281474976710655.000000	6.711000	3434	0.000000
281474976710655.000000	6.858516	3435	0.000000
281474976710655.000000	6.795519	3436	0.000000
281474976710655.000000	6.870174	3437	0.000000
281474976710655.000000	6.738514	3438	0.000000
281474976710655.000000	6.813472	3439	0.000000
281474976710655.000000	6.852961	3440	0.000000
281474976710655.000000	7.125467	3441	0.000000
281474976710655.000000	6.771804	3442	0.000000
281474976710655.000000	7.095028	3443	0.000000
281474976710655.000000	6.758026	3444	0.000000
281474976710655.000000	7.158434	3445	0.000000
281474976710655.000000	6.797540	3446	0.000000
281474976710655.000000	7.086377	3447	0.000000
281474976710655.000000	6.740707	3448	0.000000
281474976710655.000000	7.047522	3449	0.000000
281474976710655.000000	6.718830	3450	0.000000
281474976710655.000000	7.007887	3451	0.000000
281474976710655.000000	6.702299	3452	0.000000
281474976710655.000000	7.088857	3453	0.000000
281474976710655.000000	6.737608	3454	0.000000
281474976710655.000000	7.047081	3455	0.000000
281474976710655.000000	6.738638	3456	0.000000
281474976710655.000000	6.912765	3457	0.000000
281474976710655.000000	6.667483	3458	0.000000
281474976710655.000000	6.874319	3459	0.000000
281474976710655.000000	6.607274	3460	0.000000
281474976710655.000000	6.913375	3461	0.000000
281474976710655.000000	6.660189	3462	0.000000
281474976710655.000000	6.901996	3463	0.000000
281474976710655.000000	6.605387	3464	0.000000
281474976710655.000000	6.904899	3465	0.000000
281474976710655.000000	6.539568	3466	0.000000
281474976710655.000000	6.870161	3467	0.000000
281474976710655.000000	6.560257	3468	0.000000
281474976710655.000000	6.844406	3469	0.000000
281474976710655.000000	6.524878	3470	0.000000
281474976710655.000000	6.859135	3471	0.000000
281474976710655.000000	6.565599	3472	0.000000
281474976710655.000000	6.872929	3473	0.000000
281474976710655.000000	6.454940	3474	0.000000
281474976710655.000000	6.817049	3475	0.000000
281474976710655.000000	6.454049	3476	0.000000
281474976710655.000000	6.749406	3477	0.000000
281474976710655.000000	6.409549	3478	0.000000
281474976710655.000000	6.762225	3479	0.000000
281474976710655.000000	6.466959	3480	0.000000
281474976710655.000000	6.722656	3481	0.000000
281474976710655.000000	6.345535	3482	0.000000
281474976710655.000000	6.738530	3483	0.000000
281474976710655.000000	6.351790	3484	0.000000
281474976710655.000000	6.702051	3485	0.000000
281474976710655.000000	6.347521	3486	0.000000
281474976710655.000000	6.684742	3487	0.000000
281474976710655.000000	6.429379	3488	0.000000
281474976710655.000000	6.623740	3489	0.000000
281474976710655.000000	6.332715	3490	0.000000
281474976710655.000000	6.681311	3491	0.000000
281474976710655.000000	6.317193	3492	0.000000
281474976710655.000000	6.684382	3493	0.000000
281474976710655.000000	6.291380	3494	0.000000
281474976710655.000000	6.664105	3495	0.000000
281474976710655.000000	6.295309	3496	0.000000
281474976710655.000000	6.553066	3497	0.000000
281474976710655.000000	6.320274	3498	0.000000
281474976710655.000000	6.559705	3499	0.000000
281474976710655.000000	6.260992	3500	0.000000
281474976710655.000000	6.499013	3501	0.000000
281474976710655.000000	6.322160	3502	0.000000
281474976710655.000000	6.503477	3503	0.000000
281474976710655.000000	6.184032	3504	0.000000
281474976710655.000000	6.543423	3505	0.000000
281474976710655.000000	6.256713	3506	0.000000
281474976710655.000000	6.457225	3507	0.000000
281474976710655.000000	6.207341	3508	0.000000
281474976710655.000000	6.455053	3509	0.000000
281474976710655.000000	6.131156	3510	0.000000
281474976710655.000000	6.467962	3511	0.000000
281474976710655.000000	6.191914	3512	0.000000
281474976710655.000000	6.402184	3513	0.000000
281474976710655.000000	6.165700	3514	0.000000
281474976710655.000000	6.377625	3515	0.000000
