crossing time (s)	slope (V/s)	crossing number
281474976710655.000000	4.599692	1915	0.000000
281474976710655.000000	4.756973	1916	0.000000
281474976710655.000000	4.597797	1917	0.000000
281474976710655.000000	4.802237	1918	0.000000
281474976710655.000000	4.535034	1919	0.000000
281474976710655.000000	4.750143	1920	0.000000
281474976710655.000000	4.528137	1921	0.000000
281474976710655.000000	4.780266	1922	0.000000
281474976710655.000000	4.523118	1923	0.000000
281474976710655.000000	4.760369	1924	0.000000
281474976710655.000000	4.521512	1925	0.000000
281474976710655.000000	4.748652	1926	0.000000
281474976710655.000000	4.507341	1927	0.000000
281474976710655.000000	4.709169	1928	0.000000
281474976710655.000000	4.449385	1929	0.000000
281474976710655.000000	4.723785	1930	0.000000
281474976710655.000000	4.436460	1931	0.000000
281474976710655.000000	4.678928	1932	0.000000
281474976710655.000000	4.447089	1933	0.000000
281474976710655.000000	4.647560	1934	0.000000
281474976710655.000000	4.461894	1935	0.000000
281474976710655.000000	4.593616	1936	0.000000
281474976710655.000000	4.503633	1937	0.000000
281474976710655.000000	4.557417	1938	0.000000
281474976710655.000000	4.544408	1939	0.000000
281474976710655.000000	4.477828	1940	0.000000
281474976710655.000000	4.587727	1941	0.000000
281474976710655.000000	4.424207	1942	0.000000
281474976710655.000000	4.615666	1943	0.000000
281474976710655.000000	4.353312	1944	0.000000
281474976710655.000000	4.594666	1945	0.000000
281474976710655.000000	4.335147	1946	0.000000
281474976710655.000000	4.593537	1947	0.000000
281474976710655.000000	4.327969	1948	0.000000
281474976710655.000000	4.583097	1949	0.000000
281474976710655.000000	4.309188	1950	0.000000
281474976710655.000000	4.543736	1951	0.000000
281474976710655.000000	4.267671	1952	0.000000
281474976710655.000000	4.521207	1953	0.000000
281474976710655.000000	4.278976	1954	0.000000
281474976710655.000000	4.519261	1955	0.000000
281474976710655.000000	4.275674	1956	0.000000
281474976710655.000000	4.497056	1957	0.000000
281474976710655.000000	4.240215	1958	0.000000
281474976710655.000000	4.477897	1959	0.000000
281474976710655.000000	4.237976	1960	0.000000
281474976710655.000000	4.427759	1961	0.000000
281474976710655.000000	4.269549	1962	0.000000
281474976710655.000000	4.380937	1963	0.000000
281474976710655.000000	4.315881	1964	0.000000
281474976710655.000000	4.285903	1965	0.000000
281474976710655.000000	4.343870	1966	0.000000
281474976710655.000000	4.236091	1967	0.000000
281474976710655.000000	4.346458	1968	0.000000
281474976710655.000000	4.161513	1969	0.000000
281474976710655.000000	4.337334	1970	0.000000
281474976710655.000000	4.108978	1971	0.000000
281474976710655.000000	4.362343	1972	0.000000
281474976710655.000000	4.041829	1973	0.000000
281474976710655.000000	4.357051	1974	0.000000
281474976710655.000000	4.046415	1975	0.000000
281474976710655.000000	4.343828	1976	0.000000
281474976710655.000000	4.034713	1977	0.000000
281474976710655.000000	4.321768	1978	0.000000
281474976710655.000000	4.013710	1979	0.000000
281474976710655.000000	4.298619	1980	0.000000
281474976710655.000000	3.966187	1981	0.000000
281474976710655.000000	4.287129	1982	0.000000
281474976710655.000000	3.963017	1983	0.000000
281474976710655.000000	4.289630	1984	0.000000
281474976710655.000000	3.952575	1985	0.000000
281474976710655.000000	4.262762	1986	0.000000
281474976710655.000000	3.930099	1987	0.000000
281474976710655.000000	4.205260	1988	0.000000
281474976710655.000000	3.983399	1989	0.000000
281474976710655.000000	4.140315	1990	0.000000
281474976710655.000000	4.039668	1991	0.000000
281474976710655.000000	4.115872	1992	0.000000
281474976710655.000000	4.052334	1993	0.000000
281474976710655.000000	4.045711	1994	0.000000
281474976710655.000000	4.092116	1995	0.000000
281474976710655.000000	3.994512	1996	0.000000
281474976710655.000000	4.148621	1997	0.000000
281474976710655.000000	3.928358	1998	0.000000
281474976710655.000000	4.167387	1999	0.000000
281474976710655.000000	3.903310	2000	0.000000
281474976710655.000000	4.133258	2001	0.000000
281474976710655.000000	3.879446	2002	0.000000
281474976710655.000000	4.125541	2003	0.000000
281474976710655.000000	3.841545	2004	0.000000
281474976710655.000000	4.105379	2005	0.000000
281474976710655.000000	3.817544	2006	0.000000
281474976710655.000000	4.105131	2007	0.000000
281474976710655.000000	3.777866	2008	0.000000
281474976710655.000000	4.075451	2009	0.000000
281474976710655.000000	3.801777	2010	0.000000
281474976710655.000000	4.045342	2011	0.000000
281474976710655.000000	3.777170	2012	0.000000
281474976710655.000000	4.036391	2013	0.000000
281474976710655.000000	3.785331	2014	0.000000
281474976710655.000000	4.003932	2015	0.000000
281474976710655.000000	3.791749	2016	0.000000
281474976710655.000000	3.920523	2017	0.000000
281474976710655.000000	3.866916	2018	0.000000
281474976710655.000000	3.837876	2019	0.000000
281474976710655.000000	3.869029	2020	0.000000
281474976710655.000000	3.712326	2021	0.000000
281474976710655.000000	3.907933	2022	0.000000
281474976710655.000000	3.649256	2023	0.000000
281474976710655.000000	3.913378	2024	0.000000
281474976710655.000000	3.574765	2025	0.000000
281474976710655.000000	3.913828	2026	0.000000
281474976710655.000000	3.464550	2027	0.000000
281474976710655.000000	3.914380	2028	0.000000
281474976710655.000000	3.922434	2029	0.000000
281474976710655.000000	3.906546	2030	0.000000
281474976710655.000000	3.904289	2031	0.000000
281474976710655.000000	3.879225	2032	0.000000
281474976710655.000000	3.859847	2033	0.000000
281474976710655.000000	3.824415	2034	0.000000
281474976710655.000000	3.792679	2035	0.000000
281474976710655.000000	3.732994	2036	0.000000
281474976710655.000000	3.563222	2037	0.000000
281474976710655.000000	3.671533	2038	0.000000
281474976710655.000000	3.640752	2039	0.000000
281474976710655.000000	3.572277	2040	0.000000
281474976710655.000000	3.647062	2041	0.000000
281474976710655.000000	3.504320	2042	0.000000
281474976710655.000000	3.709714	2043	0.000000
281474976710655.000000	3.392644	2044	0.000000
281474976710655.000000	3.717402	2045	0.000000
281474976710655.000000	3.353323	2046	0.000000
281474976710655.000000	3.696978	2047	0.000000
281474976710655.000000	3.303102	2048	0.000000
281474976710655.000000	3.685844	2049	0.000000
281474976710655.000000	3.663632	2050	0.000000
281474976710655.000000	3.634003	2051	0.000000
281474976710655.000000	3.622425	2052	0.000000
281474976710655.000000	3.610844	2053	0.000000
281474976710655.000000	3.581784	2054	0.000000
281474976710655.000000	3.500993	2055	0.000000
281474976710655.000000	3.457110	2056	0.000000
281474976710655.000000	3.361704	2057	0.000000
281474976710655.000000	3.424108	2058	0.000000
281474976710655.000000	3.468479	2059	0.000000
281474976710655.000000	3.473292	2060	0.000000
281474976710655.000000	3.488224	2061	0.000000
281474976710655.000000	3.496699	2062	0.000000
281474976710655.000000	3.497936	2063	0.000000
281474976710655.000000	3.482848	2064	0.000000
281474976710655.000000	3.452549	2065	0.000000
281474976710655.000000	3.423988	2066	0.000000
281474976710655.000000	3.434405	2067	0.000000
281474976710655.000000	3.358169	2068	0.000000
281474976710655.000000	3.293091	2069	0.000000
281474976710655.000000	2.519265	2070	0.000000
281474976710655.000000	2.496051	2071	0.000000
281474976710655.000000	2.589092	2072	0.000000
281474976710655.000000	2.564713	2073	0.000000
281474976710655.000000	2.515473	2074	0.000000
281474976710655.000000	3.250343	2075	0.000000
281474976710655.000000	3.238461	2076	0.000000
281474976710655.000000	3.195732	2077	0.000000
281474976710655.000000	3.163210	2078	0.000000
281474976710655.000000	2.545908	2079	0.000000
281474976710655.000000	2.567856	2080	0.000000
281474976710655.000000	2.540745	2081	0.000000
